time	nose_x	nose_y	r_shoulder_x	r_shoulder_y	l_shoulder_x	l_shooulder_t	cursor_x	cursor_y	block	repetition	target	trial	state	comeback	is_blind	at_home	count_mouse	score
0.9923909999997704	0.0	0.0	0.0	0.0	0.0	0.0	600.0	320.0	1	1	0	1	0	1	0	1	0	0
35.844154999998864	0.0	0.0	0.0	1.00288662437632	1	1	0	1	1	1	0	1	0	0
72.35582100000101	0.0	0.0	0.0	1.00288662437632	1	1	0	1	1	1	0	1	0	0
107.89075199999934	0.0	0.0	0.0	21.18319483546444	1	1	0	1	1	1	0	1	0	0
141.0024799999992	0.0	0.0	0.0	86.51489013404479	1	1	0	1	1	1	0	1	0	0
179.02565099999993	0.0	0.0	0.0	135.93789148531442	1	1	0	1	1	1	0	1	0	0
215.8897050000014	0.0	0.0	0.0	256.3173815730994	1	1	0	1	1	1	0	1	0	0
249.00582700000086	0.0	0.0	0.0	385.32085090057416	1	1	0	1	1	1	0	1	0	0
286.27557199999865	0.0	0.0	0.0	501.9167950786575	1	1	0	1	1	1	0	1	0	0
324.3433729999997	0.0	0.0	0.0	551.0448661900471	1	1	0	1	1	1	0	1	0	0
360.81668499999796	0.0	0.0	0.0	626.6777682216396	1	1	0	1	1	1	0	1	0	0
397.76540100000057	0.0	0.0	0.0	671.9334353583799	1	1	0	1	1	1	0	1	0	0
433.95358599999963	0.0	0.0	0.0	691.1927391517013	1	1	0	1	1	1	0	1	0	0
471.4924460000002	0.0	0.0	0.0	693.2909837751214	1	1	0	1	1	1	0	1	0	0
511.1622729999981	0.0	0.0	0.0	687.350867579775	1	1	0	1	1	1	0	1	0	0
550.4941919999983	0.0	0.0	0.0	681.1709891138069	1	1	0	1	1	1	0	1	0	0
584.6976020000002	0.0	0.0	0.0	666.3119373332278	1	1	0	1	1	1	0	1	0	0
617.9085869999981	0.0	0.0	0.0	658.8307817589078	1	1	0	1	1	1	0	1	0	0
654.8591589999996	0.4715046286582947	0.5542157888412476	1.8804124207056	645.7860015857789	1	1	0	1	1	1	0	1	0	0
697.274472000001	0.4715046286582947	0.5542157888412476	39.718490316495824	636.6226541881006	1	1	0	1	1	1	0	1	0	0
731.0692060000001	0.4715046286582947	0.5542157888412476	162.21541900133394	631.6541007261776	1	1	0	1	1	1	0	1	0	0
767.8401989999984	0.4715046286582947	0.5542157888412476	254.88354653496447	630.5627534946343	1	1	0	1	1	1	0	1	0	0
803.0384349999986	0.4571414887905121	0.5609564781188965	480.5950904495611	630.5106198443318	1	1	0	1	1	1	0	1	0	0
839.752497999998	0.4571414887905121	0.5609564781188965	602.252716274337	631.2532276725465	1	1	0	1	1	1	0	1	0	0
876.8966739999996	0.4571414887905121	0.5609564781188965	836.6439616505472	633.5695843127064	1	1	0	1	1	1	0	1	0	0
912.2778120000003	0.4571414887905121	0.5609564781188965	1033.2091241063367	636.2236007400157	1	1	0	1	1	1	0	1	0	0
948.929415999999	0.45575934648513794	0.5671384334564209	1111.4000230567276	637.461831753797	1	1	0	1	1	1	0	1	0	0
985.4864909999997	0.45575934648513794	0.5671384334564209	1224.238281918735	639.5064558718319	1	1	0	1	1	1	0	1	0	0
1023.3746099999989	0.45575934648513794	0.5671384334564209	1259.87519129696	640.2651190811193	1	1	0	1	1	1	0	1	0	0
1060.8215759999985	0.4646783769130707	0.5562613010406494	1295.986385909435	641.2413258593297	1	1	0	1	1	1	0	1	0	0
1104.1262580000002	0.4646783769130707	0.5562613010406494	1296.9155572270843	641.5892976492005	1	1	0	1	1	1	0	1	0	0
1142.2891889999992	0.46460503339767456	0.5668231248855591	1277.1956045883792	641.488606052237	1	1	0	1	1	1	0	1	0	0
1181.19744	0.46460503339767456	0.5668231248855591	1263.6308635796208	641.3321625017378	1	1	0	1	1	1	0	1	0	0
1218.7893240000012	0.46460503339767456	0.5668231248855591	1249.3348824997943	641.1357762676175	1	1	0	1	1	1	0	1	0	0
1253.462316000001	0.46040672063827515	0.5643323659896851	1235.3077157979455	640.9192791852336	1	1	0	1	1	1	0	1	0	0
1287.7086520000012	0.46040672063827515	0.5643323659896851	1210.8487529733309	640.4887400108048	1	1	0	1	1	1	0	1	0	0
1325.267036000001	0.46040672063827515	0.5643323659896851	1193.6674766026845	640.1318281058893	1	1	0	1	1	1	0	1	0	0
1362.2465520000005	0.46391329169273376	0.562454342842102	1188.07220053142	639.9954473665682	1	1	0	1	1	1	0	1	0	0
1399.0673810000008	0.46391329169273376	0.562454342842102	1182.3051628024318	639.8130974380867	1	1	0	1	1	1	0	1	0	0
1440.088466000001	0.4674009382724762	0.5662035942077637	1182.2074122081112	639.7390336393994	1	1	0	1	1	1	0	1	0	0
1475.6680369999995	0.4674009382724762	0.5662035942077637	1183.5998018860118	639.7341266645078	1	1	0	1	1	1	0	1	0	0
1513.8029879999995	0.4674009382724762	0.5662035942077637	1187.942970586309	639.767988585583	1	1	0	1	1	1	0	1	0	0
1549.0623610000002	0.4642863869667053	0.5738958120346069	1192.9192513875132	639.8339209132034	1	1	0	1	1	1	0	1	0	0
1586.3368090000004	0.4642863869667053	0.5738958120346069	1195.2409345383526	639.8706061486531	1	1	0	1	1	1	0	1	0	0
1619.685763999998	0.4628520607948303	0.5808825492858887	1199.0746047596658	639.9395184702371	1	1	0	1	1	1	0	1	0	0
1657.2210239999986	0.4628520607948303	0.5808825492858887	1201.5760835095539	639.9931503735347	1	1	0	1	1	1	0	1	0	0
1694.6332519999996	0.4628520607948303	0.5808825492858887	1202.3274859862213	640.0125863504056	1	1	0	1	1	1	0	1	0	0
1728.8507260000006	0.46188029646873474	0.5848931074142456	1202.9799330922292	640.0367501419605	1	1	0	1	1	1	0	1	0	0
1764.0245959999993	0.45988255739212036	0.5740752220153809	1202.7911363479252	640.0442141510712	1	1	0	1	1	1	0	1	0	0
1798.117040000001	0.45988255739212036	0.5740752220153809	1202.4978046907418	640.0432538060207	1	1	0	1	1	1	0	1	0	0
1833.602594	0.45988255739212036	0.5740752220153809	1201.723648472303	640.0353829840212	1	1	0	1	1	1	0	1	0	0
1870.344774000001	0.45922738313674927	0.5805003643035889	1200.9163875202546	640.0236844839251	1	1	0	1	1	1	0	1	0	0
1904.6137879999987	0.45922738313674927	0.5805003643035889	1200.557727330402	640.0176441066956	1	1	0	1	1	1	0	1	0	0
1942.3332520000004	0.45922738313674927	0.5805003643035889	1199.991463812316	640.0068539079475	1	1	0	1	1	1	0	1	0	0
1978.7179959999994	0.45619988441467285	0.5800564289093018	1199.7927562532543	640.0024990634995	1	1	0	1	1	1	0	1	0	0
2016.9088310000006	0.45619988441467285	0.5800564289093018	1199.557598332754	639.9962752412896	1	1	0	1	1	1	0	1	0	0
2053.970293999999	0.45909634232521057	0.5755764245986938	1199.5014874959538	639.9932290624088	1	1	0	1	1	1	0	1	0	0
2088.7932199999996	0.45909634232521057	0.5755764245986938	1199.5221724303206	639.9927060948185	1	1	0	1	1	1	0	1	0	0
2124.5094299999982	0.4607692360877991	0.5818670988082886	1199.6226223945025	639.9931142602934	1	1	0	1	1	1	0	1	0	0
2162.2248849999996	0.4607692360877991	0.5818670988082886	1199.7573865287225	639.9947093219337	1	1	0	1	1	1	0	1	0	0
2199.0504709999987	0.4607692360877991	0.5818670988082886	1199.8865971316934	639.9967121555532	1	1	0	1	1	1	0	1	0	0
2237.0797380000004	0.4607692360877991	0.5818670988082886	1199.9412851018333	639.9976840402345	1	1	0	1	1	1	0	1	0	0
2276.095513	0.4659769535064697	0.5854849815368652	1200.0235994070106	639.9993405723822	1	1	0	1	1	1	0	1	0	0
2312.6394949999994	0.4659769535064697	0.5854849815368652	1200.068906516176	640.0004743873701	1	1	0	1	1	1	0	1	0	0
2347.679282000001	0.4659769535064697	0.5854849815368652	1200.0792645522538	640.000835047512	1	1	0	1	1	1	0	1	0	0
2383.1109499999984	0.4659769535064697	0.5854849815368652	1200.0811008862884	640.001191926148	1	1	0	1	1	1	0	1	0	0
2416.342830999998	0.47110146284103394	0.5892648696899414	1200.0663430950394	640.0011751381182	1	1	0	1	1	1	0	1	0	0
2453.914055000001	0.47110146284103394	0.5892648696899414	1200.0444084073592	640.0009349878444	1	1	0	1	1	1	0	1	0	0
2491.1086020000002	0.47110146284103394	0.5892648696899414	1200.0330827000537	640.0007745730924	1	1	0	1	1	1	0	1	0	0
2527.4723479999993	0.47110146284103394	0.5892648696899414	1200.0128510774007	640.0004414552118	1	1	0	1	1	1	0	1	0	0
2564.445781999999	0.4742681086063385	0.608162522315979	1199.998064585177	640.0001530122745	1	1	0	1	1	1	0	1	0	0
2599.317991	0.4742681086063385	0.608162522315979	1199.993016077418	640.0000390506602	1	1	0	1	1	1	0	1	0	0
2637.294816999998	0.4742681086063385	0.608162522315979	1199.9873044920182	639.999880190015	1	1	0	1	1	1	0	1	0	0
2676.0518599999996	0.4742681086063385	0.608162522315979	1199.9863245271345	639.9998072790675	1	1	0	1	1	1	0	1	0	0
2711.866128999998	0.47588688135147095	0.6097968816757202	1199.988406315015	639.999800769183	1	1	0	1	1	1	0	1	0	0
2747.2618809999985	0.47588688135147095	0.6097968816757202	1199.990079978632	639.9998146442247	1	1	0	1	1	1	0	1	0	0
2786.261656999999	0.48052161931991577	0.6159026622772217	1199.9938352916654	639.999861467913	1	1	0	1	1	1	0	1	0	0
2821.9681569999993	0.48052161931991577	0.6159026622772217	1199.997319468587	639.9999169787188	1	1	0	1	1	1	0	1	0	0
2859.4561250000006	0.48052161931991577	0.6159026622772217	1199.9987635732136	639.9999432579475	1	1	0	1	1	1	0	1	0	0
2897.436622000001	0.4766484797000885	0.6129041910171509	1200.0008894763123	639.9999871549185	1	1	0	1	1	1	0	1	0	0
2933.121836999999	0.4766484797000885	0.6129041910171509	1200.0020048774013	640.0000162943547	1	1	0	1	1	1	0	1	0	0
2971.151191000001	0.4692273736000061	0.6136744022369385	1200.002234861513	640.0000252305585	1	1	0	1	1	1	0	1	0	0
3008.2758179999983	0.4692273736000061	0.6136744022369385	1200.002203383955	640.000033382184	1	1	0	1	1	1	0	1	0	0
3044.175439999999	0.4695448875427246	0.608810305595398	1200.0017531021913	640.0000317938736	1	1	0	1	1	1	0	1	0	0
3079.056847	0.4695448875427246	0.608810305595398	1200.0014523245313	640.0000286547647	1	1	0	1	1	1	0	1	0	0
3113.903341999998	0.47221025824546814	0.614439845085144	1200.000827728506	640.0000200821873	1	1	0	1	1	1	0	1	0	0
3147.2829519999977	0.47221025824546814	0.614439845085144	1200.0005406747914	640.0000154346526	1	1	0	1	1	1	0	1	0	0
3180.7854530000004	0.47221025824546814	0.614439845085144	1200.0000732199792	640.0000068497138	1	1	0	1	1	1	0	1	0	0
3214.809814	0.47760337591171265	0.6110345125198364	1199.9997753562773	640.0000003020715	1	1	0	1	1	1	0	1	0	0
3251.214032	0.47760337591171265	0.6110345125198364	1199.9996386482576	639.9999962714866	1	1	0	1	1	1	0	1	0	0
3287.5938889999998	0.48067179322242737	0.6114113330841064	1199.9996198430342	639.9999951550913	1	1	0	1	1	1	0	1	0	0
3322.699851000001	0.48067179322242737	0.6114113330841064	1199.99965245793	639.9999943943207	1	1	0	1	1	1	0	1	0	0
3357.014998999999	0.48067179322242737	0.6114113330841064	1199.999692141595	639.9999945813756	1	1	0	1	1	1	0	1	0	0
3392.411830000001	0.48067179322242737	0.6114113330841064	1199.9997922375674	639.9999956569292	1	1	0	1	1	1	0	1	0	0
3430.2808479999985	0.4800383150577545	0.6127501726150513	1199.999893608658	639.9999971592235	1	1	0	1	1	1	0	1	0	0
3465.9751890000007	0.4800383150577545	0.6127501726150513	1199.9999759154787	639.999998626368	1	1	0	1	1	1	0	1	0	0
3499.655683000001	0.4800383150577545	0.6127501726150513	1200.0000068456507	639.9999992543374	1	1	0	1	1	1	0	1	0	0
3537.658754	0.4753757119178772	0.6101030111312866	1200.0000473073042	640.0000002104427	1	1	0	1	1	1	0	1	0	0
3575.3802639999994	0.4753757119178772	0.6101030111312866	1200.0000577128699	640.0000005299612	1	1	0	1	1	1	0	1	0	0
3612.265478000001	0.47692638635635376	0.6122044324874878	1200.0000628933121	640.0000008780637	1	1	0	1	1	1	0	1	0	0
3647.234274999999	0.47692638635635376	0.6122044324874878	1200.0000537276874	640.000000917379	1	1	0	1	1	1	0	1	0	0
3680.769619999999	0.47972384095191956	0.611823558807373	1200.0000461411696	640.0000008567799	1	1	0	1	1	1	0	1	0	0
3715.1897519999984	0.47972384095191956	0.611823558807373	1200.000028939975	640.000000645093	1	1	0	1	1	1	0	1	0	0
3752.3216109999994	0.47972384095191956	0.611823558807373	1200.0000128432148	640.0000003904579	1	1	0	1	1	1	0	1	0	0
3787.9910170000003	0.4787788987159729	0.6116671562194824	1200.000006134237	640.0000002691321	1	1	0	1	1	1	0	1	0	0
3824.4650409999995	0.4787788987159729	0.6116671562194824	1199.99999619842	640.0000000653815	1	1	0	1	1	1	0	1	0	0
3862.3151599999983	0.47759851813316345	0.6152850389480591	1199.999990915799	639.999999929006	1	1	0	1	1	1	0	1	0	0
3897.272603999998	0.47759851813316345	0.6152850389480591	1199.999989793224	639.999999886758	1	1	0	1	1	1	0	1	0	0
3931.070985999999	0.47759851813316345	0.6152850389480591	1199.9999898400795	639.9999998473033	1	1	0	1	1	1	0	1	0	0
3965.8840359999995	0.47759851813316345	0.6152850389480591	1199.9999906810172	639.9999998458056	1	1	0	1	1	1	0	1	0	0
4001.6692220000004	0.47498002648353577	0.6142475605010986	1199.999993227498	639.9999998672627	1	1	0	1	1	1	0	1	0	0
4039.327860999998	0.47498002648353577	0.6142475605010986	1199.999996097412	639.9999999062575	1	1	0	1	1	1	0	1	0	0
4077.293172999998	0.47498002648353577	0.6142475605010986	1199.9999974244374	639.999999927594	1	1	0	1	1	1	0	1	0	0
4112.137649	0.47498002648353577	0.6142475605010986	1199.9999986018793	639.9999999482587	1	1	0	1	1	1	0	1	0	0
4149.988603999998	0.47498002648353577	0.6142475605010986	1200.0000003945759	639.9999999838645	1	1	0	1	1	1	0	1	0	0
4189.347815999998	0.47816556692123413	0.6159911155700684	1200.0000009936725	639.9999999977108	1	1	0	1	1	1	0	1	0	0
4226.761004	0.47816556692123413	0.6159911155700684	1200.0000014047282	640.0000000086238	1	1	0	1	1	1	0	1	0	0
4263.341311	0.47816556692123413	0.6159911155700684	1200.000001742547	640.0000000219584	1	1	0	1	1	1	0	1	0	0
4296.654854	0.4729863107204437	0.6123636960983276	1200.0000016064514	640.0000000257536	1	1	0	1	1	1	0	1	0	0
4330.528621999998	0.4729863107204437	0.6123636960983276	1200.0000014281845	640.0000000250017	1	1	0	1	1	1	0	1	0	0
4367.339479999999	0.4729863107204437	0.6123636960983276	1200.0000009716575	640.0000000201912	1	1	0	1	1	1	0	1	0	0
4404.289550999998	0.4729863107204437	0.6123636960983276	1200.0000005046113	640.0000000133266	1	1	0	1	1	1	0	1	0	0
4437.377529999998	0.4729863107204437	0.6123636960983276	1200.000000299246	640.0000000098304	1	1	0	1	1	1	0	1	0	0
4474.737882000001	0.47201722860336304	0.6091091632843018	1200.0000001225842	640.0000000065594	1	1	0	1	1	1	0	1	0	0
4508.480845999999	0.47201722860336304	0.6091091632843018	1199.9999998668854	640.0000000011757	1	1	0	1	1	1	0	1	0	0
4542.142790999998	0.47201722860336304	0.6091091632843018	1199.9999997378495	639.9999999976853	1	1	0	1	1	1	0	1	0	0
4578.655905	0.4746461808681488	0.6071732044219971	1199.999999710892	639.9999999960261	1	1	0	1	1	1	0	1	0	0
4613.351579999999	0.4746461808681488	0.6071732044219971	1199.9999997248651	639.9999999957664	1	1	0	1	1	1	0	1	0	0
4650.040290000001	0.4746461808681488	0.6071732044219971	1199.9999997854875	639.9999999960655	1	1	0	1	1	1	0	1	0	0
4685.820463	0.4746461808681488	0.6071732044219971	1199.9999998642438	639.9999999970211	1	1	0	1	1	1	0	1	0	0
4721.2320230000005	0.4746461808681488	0.6071732044219971	1199.9999999029885	639.999999997601	1	1	0	1	1	1	0	1	0	0
4760.114838999998	0.47477254271507263	0.6032812595367432	1199.9999999697459	639.9999999987477	1	1	0	1	1	1	0	1	0	0
4793.804895999998	0.47477254271507263	0.6032812595367432	1200.0000000161663	639.9999999996928	1	1	0	1	1	1	0	1	0	0
4829.503894999998	0.47477254271507263	0.6032812595367432	1200.0000000312002	640.0000000000523	1	1	0	1	1	1	0	1	0	0
4866.354890999999	0.47389012575149536	0.6048567295074463	1200.000000046633	640.0000000005298	1	1	0	1	1	1	0	1	0	0
4901.694786	0.47389012575149536	0.6048567295074463	1200.0000000468767	640.0000000007194	1	1	0	1	1	1	0	1	0	0
4938.6273059999985	0.4732157289981842	0.6052018404006958	1200.000000037859	640.0000000006976	1	1	0	1	1	1	0	1	0	0
4973.987452000001	0.4732157289981842	0.6052018404006958	1200.0000000316156	640.000000000635	1	1	0	1	1	1	0	1	0	0
5010.878062	0.4778521656990051	0.605151891708374	1200.0000000184336	640.0000000004579	1	1	0	1	1	1	0	1	0	0
5049.874121000001	0.4778521656990051	0.605151891708374	1200.00000000684	640.0000000002653	1	1	0	1	1	1	0	1	0	0
5085.576839000001	0.4778521656990051	0.605151891708374	1200.0000000022073	640.0000000001778	1	1	0	1	1	1	0	1	0	0
5122.460773999999	0.4738842844963074	0.607141375541687	1199.9999999956608	640.0000000000364	1	1	0	1	1	1	0	1	0	0
5158.877550000001	0.4738842844963074	0.607141375541687	1199.9999999925467	639.9999999999477	1	1	0	1	1	1	0	1	0	0
5192.529560999999	0.4738842844963074	0.607141375541687	1199.9999999920585	639.9999999999225	1	1	0	1	1	1	0	1	0	0
5229.875773	0.4743044972419739	0.6032477617263794	1199.999999992619	639.9999999999034	1	1	0	1	1	1	0	1	0	0
5269.848040000001	0.4743044972419739	0.6032477617263794	1199.999999993419	639.9999999999059	1	1	0	1	1	1	0	1	0	0
5305.8265409999985	0.4786921441555023	0.6032412052154541	1199.999999994412	639.9999999999142	1	1	0	1	1	1	0	1	0	0
5341.836925	0.4786921441555023	0.6032412052154541	1199.9999999966012	639.9999999999411	1	1	0	1	1	1	0	1	0	0
5378.879585999999	0.4786921441555023	0.6032412052154541	1199.9999999976508	639.9999999999568	1	1	0	1	1	1	0	1	0	0
5413.874712000001	0.47295475006103516	0.6001856327056885	1199.999999999421	639.999999999988	1	1	0	1	1	1	0	1	0	0
5448.871569999999	0.47313636541366577	0.5975314378738403	1200.000000000613	640.0000000000141	1	1	0	1	1	1	0	1	0	0
5485.730614	0.47313636541366577	0.5975314378738403	1200.000000000985	640.0000000000241	1	1	0	1	1	1	0	1	0	0
5521.808618999999	0.47313636541366577	0.5975314378738403	1200.0000000013388	640.0000000000377	1	1	0	1	1	1	0	1	0	0
5559.755269000001	0.47244778275489807	0.5978894233703613	1200.0000000013567	640.0000000000416	1	1	0	1	1	1	0	1	0	0
5597.323945	0.47244778275489807	0.5978894233703613	1200.0000000011794	640.0000000000442	1	1	0	1	1	1	0	1	0	0
5630.391392999998	0.47065696120262146	0.5948669910430908	1200.000000000847	640.0000000000421	1	1	0	1	1	1	0	1	0	0
5666.180346999998	0.47065696120262146	0.5948669910430908	1200.0000000006644	640.0000000000398	1	1	0	1	1	1	0	1	0	0
5699.253269000001	0.4723970293998718	0.592848539352417	1200.0000000003251	640.0000000000343	1	1	0	1	1	1	0	1	0	0
5734.677317999998	0.4723970293998718	0.592848539352417	1200.000000000183	640.0000000000318	1	1	0	1	1	1	0	1	0	0
5771.381727	0.4723970293998718	0.592848539352417	1199.9999999999718	640.0000000000276	1	1	0	1	1	1	0	1	0	0
5804.982511999999	0.4735349714756012	0.5950039625167847	1199.9999999998581	640.0000000000252	1	1	0	1	1	1	0	1	0	0
5838.334303	0.4735349714756012	0.5950039625167847	1199.9999999998329	640.0000000000248	1	1	0	1	1	1	0	1	0	0
5875.905822000001	0.47217169404029846	0.5918927192687988	1199.9999999998306	640.000000000025	1	1	0	1	1	1	0	1	0	0
5914.1801049999995	0.47217169404029846	0.5918927192687988	1199.9999999998693	640.0000000000255	1	1	0	1	1	1	0	1	0	0
5947.240012999999	0.46833163499832153	0.5908592939376831	1199.9999999998968	640.0000000000257	1	1	0	1	1	1	0	1	0	0
5983.7419740000005	0.46833163499832153	0.5908592939376831	1199.9999999999554	640.0000000000261	1	1	0	1	1	1	0	1	0	0
6018.166215999998	0.47009292244911194	0.5964608192443848	1200.0000000000068	640.0000000000266	1	1	0	1	1	1	0	1	0	0
6052.856563999998	0.47009292244911194	0.5964608192443848	1200.0000000000273	640.0000000000266	1	1	0	1	1	1	0	1	0	0
6088.907160999999	0.4672032296657562	0.5936036109924316	1200.000000000056	640.0000000000266	1	1	0	1	1	1	0	1	0	0
6126.832416000001	0.4672032296657562	0.5936036109924316	1200.0000000000646	640.0000000000266	1	1	0	1	1	1	0	1	0	0
6163.468256	0.4672032296657562	0.5936036109924316	1200.0000000000728	640.0000000000266	1	1	0	1	1	1	0	1	0	0
6198.258878000001	0.4674302935600281	0.5920028686523438	1200.0000000000719	640.0000000000266	1	1	0	1	1	1	0	1	0	0
6231.361391999999	0.4674302935600281	0.5920028686523438	1200.0000000000691	640.0000000000266	1	1	0	1	1	1	0	1	0	0
6270.630062	0.4674302935600281	0.5920028686523438	1200.0000000000612	640.0000000000266	1	1	0	1	1	1	0	1	0	0
6306.043332999998	0.4727109968662262	0.5904443264007568	1200.0000000000514	640.0000000000266	1	1	0	1	1	1	0	1	0	0
6343.032177000001	0.4727109968662262	0.5904443264007568	1200.0000000000468	640.0000000000266	1	1	0	1	1	1	0	1	0	0
6377.652028	0.4725952744483948	0.5915175676345825	1200.0000000000405	640.0000000000266	1	1	0	1	1	1	0	1	0	0
6411.397521999999	0.4725952744483948	0.5915175676345825	1200.0000000000387	640.0000000000266	1	1	0	1	1	1	0	1	0	0
6447.223352000001	0.4660305976867676	0.5992668867111206	1200.0000000000377	640.0000000000266	1	1	0	1	1	1	0	1	0	0
6483.394851999998	0.4660305976867676	0.5992668867111206	1200.0000000000387	640.0000000000266	1	1	0	1	1	1	0	1	0	0
6521.441875	0.4660305976867676	0.5992668867111206	1200.000000000039	640.0000000000266	1	1	0	1	1	1	0	1	0	0
6559.502420000001	0.46979624032974243	0.5965824127197266	1200.00000000004	640.0000000000266	1	1	0	1	1	1	0	1	0	0
6597.641688	0.46979624032974243	0.5965824127197266	1200.0000000000412	640.0000000000266	1	1	0	1	1	1	0	1	0	0
6634.057835	0.47143206000328064	0.5936164855957031	1200.0000000000427	640.0000000000266	1	1	0	1	1	1	0	1	0	0
6671.295973	0.47143206000328064	0.5936164855957031	1200.0000000000437	640.0000000000266	1	1	0	1	1	1	0	1	0	0
6704.3558840000005	0.47257107496261597	0.5877838134765625	1200.000000000045	640.0000000000266	1	1	0	1	1	1	0	1	0	0
6738.765499999998	0.47257107496261597	0.5877838134765625	1200.000000000046	640.0000000000266	1	1	0	1	1	1	0	1	0	0
6778.307004999999	0.47257107496261597	0.5877838134765625	1200.0000000000487	640.0000000000266	1	1	0	1	1	1	0	1	0	0
6813.994963999998	0.4743978977203369	0.5899186134338379	1200.0000000000514	640.0000000000266	1	1	0	1	1	1	0	1	0	0
6848.893638999998	0.4743978977203369	0.5899186134338379	1200.0000000000525	640.0000000000266	1	1	0	1	1	1	0	1	0	0
6886.657148999999	0.4743978977203369	0.5899186134338379	1200.0000000000541	640.0000000000266	1	1	0	1	1	1	0	1	0	0
6922.539847	0.475338876247406	0.5914245843887329	1200.0000000000546	640.0000000000266	1	1	0	1	1	1	0	1	0	0
6958.072350999999	0.475338876247406	0.5914245843887329	1200.0000000000534	640.0000000000266	1	1	0	1	1	1	0	1	0	0
6992.795676999998	0.475338876247406	0.5914245843887329	1200.0000000000525	640.0000000000266	1	1	0	1	1	1	0	1	0	0
7025.971111999999	0.4750284254550934	0.5907560586929321	1200.0000000000505	640.0000000000266	1	1	0	1	1	1	0	1	0	0
7059.908581	0.4750284254550934	0.5907560586929321	1200.0000000000496	640.0000000000266	1	1	0	1	1	1	0	1	0	0
7097.487732999998	0.47742024064064026	0.5961041450500488	1200.000000000049	640.0000000000266	1	1	0	1	1	1	0	1	0	0
7131.572709	0.47742024064064026	0.5961041450500488	1200.0000000000477	640.0000000000266	1	1	0	1	1	1	0	1	0	0
7165.3268739999985	0.4819468557834625	0.585486650466919	1200.0000000000468	640.0000000000266	1	1	0	1	1	1	0	1	0	0
7198.420632999998	0.4819468557834625	0.585486650466919	1200.0000000000466	640.0000000000266	1	1	0	1	1	1	0	1	0	0
7232.042276	0.4819468557834625	0.585486650466919	1200.000000000046	640.0000000000266	1	1	0	1	1	1	0	1	0	0
7267.751755999998	0.4824274182319641	0.583099365234375	1200.0000000000455	640.0000000000266	1	1	0	1	1	1	0	1	0	0
7301.301757999998	0.4824274182319641	0.583099365234375	1200.0000000000437	640.0000000000266	1	1	0	1	1	1	0	1	0	0
7338.738958999998	0.4837491512298584	0.5904419422149658	1200.0000000000416	640.0000000000266	1	1	0	1	1	1	0	1	0	0
7375.8277689999995	0.4837491512298584	0.5904419422149658	1200.000000000041	640.0000000000266	1	1	0	1	1	1	0	1	0	0
7411.524225999998	0.4837491512298584	0.5904419422149658	1200.0000000000396	640.0000000000266	1	1	0	1	1	1	0	1	0	0
7448.282714999998	0.483769953250885	0.585289478302002	1200.0000000000389	640.0000000000266	1	1	0	1	1	1	0	1	0	0
7481.944577999999	0.483769953250885	0.585289478302002	1200.0000000000389	640.0000000000266	1	1	0	1	1	1	0	1	0	0
7519.579812	0.483769953250885	0.585289478302002	1200.0000000000396	640.0000000000266	1	1	0	1	1	1	0	1	0	0
7557.076635999998	0.48024019598960876	0.5854108333587646	1200.0000000000418	640.0000000000266	1	1	0	1	1	1	0	1	0	0
7592.953593999999	0.48024019598960876	0.5854108333587646	1200.000000000045	640.0000000000266	1	1	0	1	1	1	0	1	0	0
7627.3105719999985	0.4779830873012543	0.5796278715133667	1200.0000000000482	640.0000000000266	1	1	0	1	1	1	0	1	0	0
7664.453371	0.4779830873012543	0.5796278715133667	1200.0000000000496	640.0000000000266	1	1	0	1	1	1	0	1	0	0
7699.038718	0.47788524627685547	0.5858551263809204	1200.0000000000518	640.0000000000266	1	1	0	1	1	1	0	1	0	0
7732.241180999998	0.47788524627685547	0.5858551263809204	1200.0000000000523	640.0000000000266	1	1	0	1	1	1	0	1	0	0
7766.5095059999985	0.47788524627685547	0.5858551263809204	1200.0000000000532	640.0000000000266	1	1	0	1	1	1	0	1	0	0
7801.378904999998	0.4774731695652008	0.5855810642242432	1200.0000000000541	640.0000000000266	1	1	0	1	1	1	0	1	0	0
7838.678263999998	0.4774731695652008	0.5855810642242432	1200.0000000000541	640.0000000000266	1	1	0	1	1	1	0	1	0	0
7874.582660999997	0.4740486741065979	0.5945342779159546	1200.0000000000532	640.0000000000266	1	1	0	1	1	1	0	1	0	0
7910.826464000002	0.4740486741065979	0.5945342779159546	1200.0000000000523	640.0000000000266	1	1	0	1	1	1	0	1	0	0
7947.608065999997	0.4761124551296234	0.5897003412246704	1200.00000000005	640.0000000000266	1	1	0	1	1	1	0	1	0	0
7981.041902000001	0.4761124551296234	0.5897003412246704	1200.0000000000477	640.0000000000266	1	1	0	1	1	1	0	1	0	0
8014.728565000001	0.4761124551296234	0.5897003412246704	1200.000000000047	640.0000000000266	1	1	0	1	1	1	0	1	0	0
8048.664644	0.4754396080970764	0.5863007307052612	1200.000000000047	640.0000000000266	1	1	0	1	1	1	0	1	0	0
8083.4947649999995	0.4735509753227234	0.5893301963806152	1200.0000000000477	640.0000000000266	1	1	0	1	1	1	0	1	0	0
8120.067496	0.4735509753227234	0.5893301963806152	1200.000000000048	640.0000000000266	1	1	0	1	1	1	0	1	0	0
8156.564139999999	0.4735509753227234	0.5893301963806152	1200.0000000000484	640.0000000000266	1	1	0	1	1	1	0	1	0	0
8192.443088999997	0.4735509753227234	0.5893301963806152	1200.0000000000487	640.0000000000266	1	1	0	1	1	1	0	1	0	0
8228.552059999998	0.4752795100212097	0.5874385833740234	1200.0000000000496	640.0000000000266	1	1	0	1	1	1	0	1	0	0
8265.473328999997	0.4752795100212097	0.5874385833740234	1200.0000000000505	640.0000000000266	1	1	0	1	1	1	0	1	0	0
8303.878392000002	0.4730793535709381	0.5882914066314697	1200.0000000000505	640.0000000000266	1	1	0	1	1	1	0	1	0	0
8339.470400000002	0.4730793535709381	0.5882914066314697	1200.0000000000505	640.0000000000266	1	1	0	1	1	1	0	1	0	0
8375.532443	0.4730793535709381	0.5882914066314697	1200.0000000000505	640.0000000000266	1	1	0	1	1	1	0	1	0	0
8410.879124000003	0.4730793535709381	0.5882914066314697	1200.0000000000505	640.0000000000266	1	1	0	1	1	1	0	1	0	0
8447.283494	0.4730793535709381	0.5882914066314697	1200.0000000000505	640.0000000000266	1	1	0	1	1	1	0	1	0	0
8483.921827000002	0.47448840737342834	0.5853574275970459	1200.0000000000505	640.0000000000266	1	1	0	1	1	1	0	1	0	0
8517.879269000001	0.47448840737342834	0.5853574275970459	1200.0000000000505	640.0000000000266	1	1	0	1	1	1	0	1	0	0
8550.92771	0.47448840737342834	0.5853574275970459	1200.0000000000505	640.0000000000266	1	1	0	1	1	1	0	1	0	0
8588.619939	0.4721127450466156	0.5929702520370483	1200.0000000000505	640.0000000000266	1	1	0	1	1	1	0	1	0	0
8625.102689999996	0.4721127450466156	0.5929702520370483	1200.0000000000505	640.0000000000266	1	1	0	1	1	1	0	1	0	0
8661.823330000003	0.4721127450466156	0.5929702520370483	1200.0000000000505	640.0000000000266	1	1	0	1	1	1	0	1	0	0
8698.969033999998	0.47412341833114624	0.5896892547607422	1200.0000000000505	640.0000000000266	1	1	0	1	1	1	0	1	0	0
8733.519143000001	0.47412341833114624	0.5896892547607422	1200.0000000000505	640.0000000000266	1	1	0	1	1	1	0	1	0	0
8768.758270000002	0.47412341833114624	0.5896892547607422	1200.0000000000505	640.0000000000266	1	1	0	1	1	1	0	1	0	0
8806.510549000002	0.47412341833114624	0.5896892547607422	1200.0000000000505	640.0000000000266	1	1	0	1	1	1	0	1	0	0
8843.070192000003	0.47489309310913086	0.592810869216919	1200.0000000000505	640.0000000000266	1	1	0	1	1	1	0	1	0	0
8880.246067999997	0.47489309310913086	0.592810869216919	1200.0000000000505	640.0000000000266	1	1	0	1	1	1	0	1	0	0
8915.418276	0.47489309310913086	0.592810869216919	1200.0000000000505	640.0000000000266	1	1	0	1	1	1	0	1	0	0
8948.485587	0.4750738739967346	0.5979397296905518	1200.0000000000505	640.0000000000266	1	1	0	1	1	1	0	1	0	0
8985.012479	0.4750738739967346	0.5979397296905518	1200.0000000000505	640.0000000000266	1	1	0	1	1	1	0	1	0	0
9018.258594000003	0.4752517640590668	0.5982511043548584	1200.0000000000505	640.0000000000266	1	1	0	1	1	1	0	1	0	0
9055.668669000002	0.4752517640590668	0.5982511043548584	1200.0000000000505	640.0000000000266	1	1	0	1	1	1	0	1	0	0
9094.520012999998	0.4752517640590668	0.5982511043548584	1200.0000000000505	640.0000000000266	1	1	0	1	1	1	0	1	0	0
9132.217820000002	0.47696465253829956	0.5974063873291016	1200.0000000000505	640.0000000000266	1	1	0	1	1	1	0	1	0	0
9171.780377	0.47696465253829956	0.5974063873291016	1200.0000000000505	640.0000000000266	1	1	0	1	1	1	0	1	0	0
9210.058858	0.4754696786403656	0.5990227460861206	1200.0000000000505	640.0000000000266	1	1	0	1	1	1	0	1	0	0
9247.230045	0.4754696786403656	0.5990227460861206	1200.0000000000505	640.0000000000266	1	1	0	1	1	1	0	1	0	0
9282.385519	0.47511547803878784	0.5968116521835327	1200.0000000000505	640.0000000000266	1	1	0	1	1	1	0	1	0	0
9315.460199999998	0.47511547803878784	0.5968116521835327	1200.0000000000505	640.0000000000266	1	1	0	1	1	1	0	1	0	0
9350.278017	0.4738840162754059	0.5945999622344971	1200.0000000000505	640.0000000000266	1	1	0	1	1	1	0	1	0	0
9383.371446000001	0.4738840162754059	0.5945999622344971	1200.0000000000505	640.0000000000266	1	1	0	1	1	1	0	1	0	0
9422.135236999999	0.4738840162754059	0.5945999622344971	1200.0000000000505	640.0000000000266	1	1	0	1	1	1	0	1	0	0
9462.948523000003	0.47506651282310486	0.5980286598205566	1200.0000000000505	640.0000000000266	1	1	0	1	1	1	0	1	0	0
9498.781830999997	0.47506651282310486	0.5980286598205566	1200.0000000000505	640.0000000000266	1	1	0	1	1	1	0	1	0	0
9534.957656000002	0.4756457209587097	0.5923556089401245	1200.0000000000505	640.0000000000266	1	1	0	1	1	1	0	1	0	0
9572.299890999999	0.4756457209587097	0.5923556089401245	1200.0000000000505	640.0000000000266	1	1	0	1	1	1	0	1	0	0
9610.007751000001	0.4747912287712097	0.5946546792984009	1200.0000000000505	640.0000000000266	1	1	0	1	1	1	0	1	0	0
9647.215845000002	0.4747912287712097	0.5946546792984009	1200.0000000000505	640.0000000000266	1	1	0	1	1	1	0	1	0	0
9682.849529999996	0.4747912287712097	0.5946546792984009	1200.0000000000505	640.0000000000266	1	1	0	1	1	1	0	1	0	0
9720.859035999998	0.4759658873081207	0.59632408618927	1200.0000000000505	640.0000000000266	1	1	0	1	1	1	0	1	0	0
9759.882901	0.4759658873081207	0.59632408618927	1200.0000000000505	640.0000000000266	1	1	0	1	1	1	0	1	0	0
9798.380134000003	0.4759658873081207	0.59632408618927	1200.0000000000505	640.0000000000266	1	1	0	1	1	1	0	1	0	0
9832.615966000001	0.4743730425834656	0.5995033979415894	1200.0000000000505	640.0000000000266	1	1	0	1	1	1	0	1	0	0
9867.080186999996	0.4743730425834656	0.5995033979415894	1200.0000000000505	640.0000000000266	1	1	0	1	1	1	0	1	0	0
9902.107307000002	0.4743730425834656	0.5995033979415894	1200.0000000000505	640.0000000000266	1	1	0	1	1	1	0	1	0	0
9938.178306999998	0.4742092490196228	0.5953288078308105	1200.0000000000505	640.0000000000266	1	1	0	1	1	1	0	1	0	0
9975.548748999998	0.4742092490196228	0.5953288078308105	1200.0000000000505	640.0000000000266	1	1	0	1	1	1	0	1	0	0
10012.196366	0.47059184312820435	0.5947849750518799	1200.0000000000505	640.0000000000266	1	1	0	1	1	1	0	1	0	0
10049.29869	0.47059184312820435	0.5947849750518799	1200.0000000000505	640.0000000000266	1	1	0	1	1	1	0	1	0	0
10086.480181000003	0.47329196333885193	0.5965354442596436	1200.0000000000505	640.0000000000266	1	1	0	1	1	1	0	1	0	0
10122.503323	0.47329196333885193	0.5965354442596436	1200.0000000000505	640.0000000000266	1	1	0	1	1	1	0	1	0	0
10159.802905	0.47329196333885193	0.5965354442596436	1200.0000000000505	640.0000000000266	1	1	0	1	1	1	0	1	0	0
10197.228327	0.47327160835266113	0.5977646112442017	1200.0000000000505	640.0000000000266	1	1	0	1	1	1	0	1	0	0
10233.060497000002	0.47327160835266113	0.5977646112442017	1200.0000000000505	640.0000000000266	1	1	0	1	1	1	0	1	0	0
10266.571122999998	0.472310870885849	0.5956934690475464	1200.0000000000505	640.0000000000266	1	1	0	1	1	1	0	1	0	0
10299.674038000001	0.472310870885849	0.5956934690475464	1200.0000000000505	640.0000000000266	1	1	0	1	1	1	0	1	0	0
10333.746559999996	0.472310870885849	0.5956934690475464	1200.0000000000505	640.0000000000266	1	1	0	1	1	1	0	1	0	0
10370.402956000002	0.47172755002975464	0.5967056751251221	1200.0000000000505	640.0000000000266	1	1	0	1	1	1	0	1	0	0
10407.649587999997	0.47172755002975464	0.5967056751251221	1200.0000000000505	640.0000000000266	1	1	0	1	1	1	0	1	0	0
10441.708381	0.47125595808029175	0.5958914756774902	1200.0000000000505	640.0000000000266	1	1	0	1	1	1	0	1	0	0
10475.733993999998	0.47125595808029175	0.5958914756774902	1200.0000000000505	640.0000000000266	1	1	0	1	1	1	0	1	0	0
10511.327216000001	0.47125595808029175	0.5958914756774902	1200.0000000000505	640.0000000000266	1	1	0	1	1	1	0	1	0	0
10547.303741	0.47406473755836487	0.5952861309051514	1200.0000000000505	640.0000000000266	1	1	0	1	1	1	0	1	0	0
10580.323347000001	0.47406473755836487	0.5952861309051514	1200.0000000000505	640.0000000000266	1	1	0	1	1	1	0	1	0	0
10615.575958999998	0.4704185128211975	0.5980020761489868	1200.0000000000505	640.0000000000266	1	1	0	1	1	1	0	1	0	0
10650.623664000002	0.4704185128211975	0.5980020761489868	1200.0000000000505	640.0000000000266	1	1	0	1	1	1	0	1	0	0
10683.663577999996	0.4704185128211975	0.5980020761489868	1200.0000000000505	640.0000000000266	1	1	0	1	1	1	0	1	0	0
10717.467164999998	0.47320371866226196	0.598659873008728	1200.0000000000505	640.0000000000266	1	1	0	1	1	1	0	1	0	0
10751.606709999996	0.47320371866226196	0.598659873008728	1200.0000000000505	640.0000000000266	1	1	0	1	1	1	0	1	0	0
10786.107354999996	0.4727519154548645	0.5958981513977051	1200.0000000000505	640.0000000000266	1	1	0	1	1	1	0	1	0	0
10819.308524999997	0.4727519154548645	0.5958981513977051	1200.0000000000505	640.0000000000266	1	1	0	1	1	1	0	1	0	0
10854.101355000003	0.47343021631240845	0.600292444229126	1200.0000000000505	640.0000000000266	1	1	0	1	1	1	0	1	0	0
10892.108034	0.47343021631240845	0.600292444229126	1200.0000000000505	640.0000000000266	1	1	0	1	1	1	0	1	0	0
10926.206246999998	0.47343021631240845	0.600292444229126	1200.0000000000505	640.0000000000266	1	1	0	1	1	1	0	1	0	0
10964.171826000002	0.47276824712753296	0.5950912237167358	1200.0000000000505	640.0000000000266	1	1	0	1	1	1	0	1	0	0
11001.191357	0.47276824712753296	0.5950912237167358	1200.0000000000505	640.0000000000266	1	1	0	1	1	1	0	1	0	0
11034.529394000001	0.47276824712753296	0.5950912237167358	1200.0000000000505	640.0000000000266	1	1	0	1	1	1	0	1	0	0
11067.609229999998	0.47276824712753296	0.5950912237167358	1200.0000000000505	640.0000000000266	1	1	0	1	1	1	0	1	0	0
11105.689547999998	0.47276824712753296	0.5950912237167358	1200.0000000000505	640.0000000000266	1	1	0	1	1	1	0	1	0	0
11142.652080999997	0.47163933515548706	0.5953744649887085	1200.0000000000505	640.0000000000266	1	1	0	1	1	1	0	1	0	0
11180.315107999999	0.4736926555633545	0.5949550867080688	1200.0000000000505	640.0000000000266	1	1	0	1	1	1	0	1	0	0
11219.317366	0.4736926555633545	0.5949550867080688	1200.0000000000505	640.0000000000266	1	1	0	1	1	1	0	1	0	0
11256.527830999996	0.4736926555633545	0.5949550867080688	1200.0000000000505	640.0000000000266	1	1	0	1	1	1	0	1	0	0
11293.293710000002	0.4734184145927429	0.5953569412231445	1200.0000000000505	640.0000000000266	1	1	0	1	1	1	0	1	0	0
11327.568323999996	0.4729132056236267	0.5923457145690918	1200.0000000000505	640.0000000000266	1	1	0	1	1	1	0	1	0	0
11366.528168	0.4729132056236267	0.5923457145690918	1200.0000000000505	640.0000000000266	1	1	0	1	1	1	0	1	0	0
11402.148690999999	0.4729132056236267	0.5923457145690918	1200.0000000000505	640.0000000000266	1	1	0	1	1	1	0	1	0	0
11435.233596000002	0.47406306862831116	0.5956771373748779	1200.0000000000505	640.0000000000266	1	1	0	1	1	1	0	1	0	0
11470.628740999997	0.47406306862831116	0.5956771373748779	1200.0000000000505	640.0000000000266	1	1	0	1	1	1	0	1	0	0
11511.099965999998	0.47406306862831116	0.5956771373748779	1200.0000000000505	640.0000000000266	1	1	0	1	1	1	0	1	0	0
11544.241525000001	0.47406306862831116	0.5956771373748779	1200.0000000000505	640.0000000000266	1	1	0	1	1	1	0	1	0	0
11581.068681	0.47446393966674805	0.59617018699646	1200.0000000000505	640.0000000000266	1	1	0	1	1	1	0	1	0	0
11617.110640000003	0.47446393966674805	0.59617018699646	1200.0000000000505	640.0000000000266	1	1	0	1	1	1	0	1	0	0
11655.067487999997	0.47454124689102173	0.5967562198638916	1200.0000000000505	640.0000000000266	1	1	0	1	1	1	0	1	0	0
11693.814616	0.47454124689102173	0.5967562198638916	1200.0000000000505	640.0000000000266	1	1	0	1	1	1	0	1	0	0
11730.782157999998	0.47454124689102173	0.5967562198638916	1200.0000000000505	640.0000000000266	1	1	0	1	1	1	0	1	0	0
11767.584755	0.47454124689102173	0.5967562198638916	1200.0000000000505	640.0000000000266	1	1	0	1	1	1	0	1	0	0
11800.667537999998	0.4739219546318054	0.5955022573471069	1200.0000000000505	640.0000000000266	1	1	0	1	1	1	0	1	0	0
11837.844118999998	0.4739219546318054	0.5955022573471069	1200.0000000000505	640.0000000000266	1	1	0	1	1	1	0	1	0	0
11875.953155	0.474604994058609	0.5961685180664062	1200.0000000000505	640.0000000000266	1	1	0	1	1	1	0	1	0	0
11913.114429999998	0.474604994058609	0.5961685180664062	1200.0000000000505	640.0000000000266	1	1	0	1	1	1	0	1	0	0
11950.290587	0.47533005475997925	0.598261833190918	1200.0000000000505	640.0000000000266	1	1	0	1	1	1	0	1	0	0
11983.385772999998	0.47533005475997925	0.598261833190918	1200.0000000000505	640.0000000000266	1	1	0	1	1	1	0	1	0	0
12016.572557999996	0.47356978058815	0.5981335639953613	1200.0000000000505	640.0000000000266	1	1	0	1	1	1	0	1	0	0
12051.493567000001	0.47356978058815	0.5981335639953613	1200.0000000000505	640.0000000000266	1	1	0	1	1	1	0	1	0	0
12084.601091	0.47356978058815	0.5981335639953613	1200.0000000000505	640.0000000000266	1	1	0	1	1	1	0	1	0	0
12119.938228999996	0.47462934255599976	0.5985236167907715	1200.0000000000505	640.0000000000266	1	1	0	1	1	1	0	1	0	0
12158.023986999997	0.47462934255599976	0.5985236167907715	1200.0000000000505	640.0000000000266	1	1	0	1	1	1	0	1	0	0
12194.173715	0.4781525731086731	0.5969021320343018	1200.0000000000505	640.0000000000266	1	1	0	1	1	1	0	1	0	0
12227.543330999997	0.4781525731086731	0.5969021320343018	1200.0000000000505	640.0000000000266	1	1	0	1	1	1	0	1	0	0
12264.052588000002	0.47553110122680664	0.5989353656768799	1200.0000000000505	640.0000000000266	1	1	0	1	1	1	0	1	0	0
12300.71805	0.47553110122680664	0.5989353656768799	1200.0000000000505	640.0000000000266	1	1	0	1	1	1	0	1	0	0
12335.955375000001	0.47553110122680664	0.5989353656768799	1200.0000000000505	640.0000000000266	1	1	0	1	1	1	0	1	0	0
12369.092571999998	0.4759250581264496	0.5990433692932129	1200.0000000000505	640.0000000000266	1	1	0	1	1	1	0	1	0	0
12402.107350000002	0.4759250581264496	0.5990433692932129	1200.0000000000505	640.0000000000266	1	1	0	1	1	1	0	1	0	0
12435.172139999999	0.4759250581264496	0.5990433692932129	1200.0000000000505	640.0000000000266	1	1	0	1	1	1	0	1	0	0
12470.643709	0.4759250581264496	0.5990433692932129	1200.0000000000505	640.0000000000266	1	1	0	1	1	1	0	1	0	0
12508.675265000002	0.4758247435092926	0.601733922958374	1200.0000000000505	640.0000000000266	1	1	0	1	1	1	0	1	0	0
12544.268576999999	0.4758247435092926	0.601733922958374	1200.0000000000505	640.0000000000266	1	1	0	1	1	1	0	1	0	0
12580.497538	0.47726812958717346	0.5997605323791504	1200.0000000000505	640.0000000000266	1	1	0	1	1	1	0	1	0	0
12618.300170999999	0.47726812958717346	0.5997605323791504	1200.0000000000505	640.0000000000266	1	1	0	1	1	1	0	1	0	0
12655.405478999997	0.47726812958717346	0.5997605323791504	1200.0000000000505	640.0000000000266	1	1	0	1	1	1	0	1	0	0
12692.98131	0.4768773019313812	0.6011720895767212	1200.0000000000505	640.0000000000266	1	1	0	1	1	1	0	1	0	0
12727.050828999996	0.4768773019313812	0.6011720895767212	1200.0000000000505	640.0000000000266	1	1	0	1	1	1	0	1	0	0
12764.063846000001	0.4768773019313812	0.6011720895767212	1200.0000000000505	640.0000000000266	1	1	0	1	1	1	0	1	0	0
12797.794178	0.47475114464759827	0.5995656251907349	1200.0000000000505	640.0000000000266	1	1	0	1	1	1	0	1	0	0
12833.610896000002	0.47475114464759827	0.5995656251907349	1200.0000000000505	640.0000000000266	1	1	0	1	1	1	0	1	0	0
12866.702879	0.47334522008895874	0.599899172782898	1200.0000000000505	640.0000000000266	1	1	0	1	1	1	0	1	0	0
12904.496839999996	0.47334522008895874	0.599899172782898	1200.0000000000505	640.0000000000266	1	1	0	1	1	1	0	1	0	0
12944.805726000002	0.4757996201515198	0.6002696752548218	1200.0000000000505	640.0000000000266	1	1	0	1	1	1	0	1	0	0
12980.840264000002	0.4757996201515198	0.6002696752548218	1200.0000000000505	640.0000000000266	1	1	0	1	1	1	0	1	0	0
13025.782260999997	0.4757996201515198	0.6002696752548218	1200.0000000000505	640.0000000000266	1	1	0	1	1	1	0	1	0	0
13060.377441	0.47668108344078064	0.597931981086731	1200.0000000000505	640.0000000000266	1	1	0	1	1	1	0	1	0	0
13094.402452999999	0.47668108344078064	0.597931981086731	1200.0000000000505	640.0000000000266	1	1	0	1	1	1	0	1	0	0
13130.586527999996	0.4755311906337738	0.6012566089630127	1200.0000000000505	640.0000000000266	1	1	0	1	1	1	0	1	0	0
13166.987912	0.4755311906337738	0.6012566089630127	1200.0000000000505	640.0000000000266	1	1	0	1	1	1	0	1	0	0
13203.370368	0.4736021161079407	0.6008177995681763	1200.0000000000505	640.0000000000266	1	1	0	1	1	1	0	1	0	0
13239.643360999999	0.4736021161079407	0.6008177995681763	1200.0000000000505	640.0000000000266	1	1	0	1	1	1	0	1	0	0
13276.310687000001	0.4736021161079407	0.6008177995681763	1200.0000000000505	640.0000000000266	1	1	0	1	1	1	0	1	0	0
13312.806709	0.4762728214263916	0.5988016128540039	1200.0000000000505	640.0000000000266	1	1	0	1	1	1	0	1	0	0
13350.129299999997	0.4762728214263916	0.5988016128540039	1200.0000000000505	640.0000000000266	1	1	0	1	1	1	0	1	0	0
13385.189260999996	0.4762728214263916	0.5988016128540039	1200.0000000000505	640.0000000000266	1	1	0	1	1	1	0	1	0	0
13423.271520999999	0.4758439064025879	0.5977450609207153	1200.0000000000505	640.0000000000266	1	1	0	1	1	1	0	1	0	0
13459.792379000002	0.4758439064025879	0.5977450609207153	1200.0000000000505	640.0000000000266	1	1	0	1	1	1	0	1	0	0
13493.038376	0.4758439064025879	0.5977450609207153	1200.0000000000505	640.0000000000266	1	1	0	1	1	1	0	1	0	0
13528.291851999998	0.4758439064025879	0.5977450609207153	1200.0000000000505	640.0000000000266	1	1	0	1	1	1	0	1	0	0
13561.375305999998	0.4760252833366394	0.5977115631103516	1200.0000000000505	640.0000000000266	1	1	0	1	1	1	0	1	0	0
13597.750153999998	0.4746329188346863	0.5973803997039795	1200.0000000000505	640.0000000000266	1	1	0	1	1	1	0	1	0	0
13634.709482000002	0.4746329188346863	0.5973803997039795	1200.0000000000505	640.0000000000266	1	1	0	1	1	1	0	1	0	0
13668.013173999996	0.4740721583366394	0.6007264852523804	1200.0000000000505	640.0000000000266	1	1	0	1	1	1	0	1	0	0
13701.164321	0.4740721583366394	0.6007264852523804	1200.0000000000505	640.0000000000266	1	1	0	1	1	1	0	1	0	0
13734.874801000002	0.4740721583366394	0.6007264852523804	1200.0000000000505	640.0000000000266	1	1	0	1	1	1	0	1	0	0
13768.728481000002	0.476835161447525	0.6024090051651001	1200.0000000000505	640.0000000000266	1	1	0	1	1	1	0	1	0	0
13804.12886	0.476835161447525	0.6024090051651001	1200.0000000000505	640.0000000000266	1	1	0	1	1	1	0	1	0	0
13837.949252000002	0.476835161447525	0.6024090051651001	1200.0000000000505	640.0000000000266	1	1	0	1	1	1	0	1	0	0
13875.923198	0.47701317071914673	0.6018718481063843	1200.0000000000505	640.0000000000266	1	1	0	1	1	1	0	1	0	0
13911.732694000002	0.47701317071914673	0.6018718481063843	1200.0000000000505	640.0000000000266	1	1	0	1	1	1	0	1	0	0
13947.304287999996	0.47701317071914673	0.6018718481063843	1200.0000000000505	640.0000000000266	1	1	0	1	1	1	0	1	0	0
13984.770008999996	0.47701317071914673	0.6018718481063843	1200.0000000000505	640.0000000000266	1	1	0	1	1	1	0	1	0	0
14018.667757	0.47701317071914673	0.6018718481063843	1200.0000000000505	640.0000000000266	1	1	0	1	1	1	0	1	0	0
14052.846517000002	0.4766201078891754	0.6005880832672119	1200.0000000000505	640.0000000000266	1	1	0	1	1	1	0	1	0	0
14087.727916	0.47398442029953003	0.5996831655502319	1200.0000000000505	640.0000000000266	1	1	0	1	1	1	0	1	0	0
14125.474853999996	0.47398442029953003	0.5996831655502319	1200.0000000000505	640.0000000000266	1	1	0	1	1	1	0	1	0	0
14159.809647999999	0.47398442029953003	0.5996831655502319	1200.0000000000505	640.0000000000266	1	1	0	1	1	1	0	1	0	0
14198.624422999997	0.47500476241111755	0.5993953943252563	1200.0000000000505	640.0000000000266	1	1	0	1	1	1	0	1	0	0
14234.971811	0.47500476241111755	0.5993953943252563	1200.0000000000505	640.0000000000266	1	1	0	1	1	1	0	1	0	0
14269.313537999999	0.4757691025733948	0.5992734432220459	1200.0000000000505	640.0000000000266	1	1	0	1	1	1	0	1	0	0
14302.348614999999	0.4757691025733948	0.5992734432220459	1200.0000000000505	640.0000000000266	1	1	0	1	1	1	0	1	0	0
14339.193165	0.4757691025733948	0.5992734432220459	1200.0000000000505	640.0000000000266	1	1	0	1	1	1	0	1	0	0
14372.273037000003	0.4757691025733948	0.5992734432220459	1200.0000000000505	640.0000000000266	1	1	0	1	1	1	0	1	0	0
14409.809838999998	0.47694844007492065	0.5999233722686768	1200.0000000000505	640.0000000000266	1	1	0	1	1	1	0	1	0	0
14447.229073999999	0.47694844007492065	0.5999233722686768	1200.0000000000505	640.0000000000266	1	1	0	1	1	1	0	1	0	0
14485.097978000002	0.47694844007492065	0.5999233722686768	1200.0000000000505	640.0000000000266	1	1	0	1	1	1	0	1	0	0
14519.642654	0.47694844007492065	0.5999233722686768	1200.0000000000505	640.0000000000266	1	1	0	1	1	1	0	1	0	0
14556.594082	0.4770693778991699	0.6026031970977783	1200.0000000000505	640.0000000000266	1	1	0	1	1	1	0	1	0	0
14595.750553000002	0.4770693778991699	0.6026031970977783	1200.0000000000505	640.0000000000266	1	1	0	1	1	1	0	1	0	0
14632.083408000002	0.4770693778991699	0.6026031970977783	1200.0000000000505	640.0000000000266	1	1	0	1	1	1	0	1	0	0
14667.764728999999	0.477122962474823	0.6022824048995972	1200.0000000000505	640.0000000000266	1	1	0	1	1	1	0	1	0	0
14700.874813999999	0.477122962474823	0.6022824048995972	1200.0000000000505	640.0000000000266	1	1	0	1	1	1	0	1	0	0
14735.192823000001	0.477122962474823	0.6022824048995972	1200.0000000000505	640.0000000000266	1	1	0	1	1	1	0	1	0	0
14769.112412999999	0.4762769341468811	0.6033143997192383	1200.0000000000505	640.0000000000266	1	1	0	1	1	1	0	1	0	0
14807.169660999996	0.4762769341468811	0.6033143997192383	1200.0000000000505	640.0000000000266	1	1	0	1	1	1	0	1	0	0
14843.008589000001	0.4762769341468811	0.6033143997192383	1200.0000000000505	640.0000000000266	1	1	0	1	1	1	0	1	0	0
14876.405077	0.47743335366249084	0.6013374328613281	1200.0000000000505	640.0000000000266	1	1	0	1	1	1	0	1	0	0
14909.792968999998	0.47743335366249084	0.6013374328613281	1200.0000000000505	640.0000000000266	1	1	0	1	1	1	0	1	0	0
14947.963930000002	0.4775477349758148	0.6039813756942749	1200.0000000000505	640.0000000000266	1	1	0	1	1	1	0	1	0	0
14983.350581999995	0.4775477349758148	0.6039813756942749	1200.0000000000505	640.0000000000266	1	1	0	1	1	1	0	1	0	0
15017.854730999996	0.4775477349758148	0.6039813756942749	1200.0000000000505	640.0000000000266	1	1	0	1	1	1	0	1	0	0
15052.696041	0.4770523011684418	0.6025054454803467	1200.0000000000505	640.0000000000266	1	1	0	1	1	1	0	1	0	0
15089.549921000002	0.4770523011684418	0.6025054454803467	1200.0000000000505	640.0000000000266	1	1	0	1	1	1	0	1	0	0
15126.875297000002	0.4784817695617676	0.6029945611953735	1200.0000000000505	640.0000000000266	1	1	0	1	1	1	0	1	0	0
15164.293639	0.4797995686531067	0.6013717651367188	1200.0000000000505	640.0000000000266	1	1	0	1	1	1	0	1	0	0
15202.071609000002	0.4797995686531067	0.6013717651367188	1200.0000000000505	640.0000000000266	1	1	0	1	1	1	0	1	0	0
15238.217994999995	0.4797995686531067	0.6013717651367188	1200.0000000000505	640.0000000000266	1	1	0	1	1	1	0	1	0	0
15275.504309	0.4797676205635071	0.6018015146255493	1200.0000000000505	640.0000000000266	1	1	0	1	1	1	0	1	0	0
15312.657944000002	0.4797676205635071	0.6018015146255493	1200.0000000000505	640.0000000000266	1	1	0	1	1	1	0	1	0	0
15350.587578999995	0.4797676205635071	0.6018015146255493	1200.0000000000505	640.0000000000266	1	1	0	1	1	1	0	1	0	0
15383.828831000003	0.4787232279777527	0.6038177013397217	1200.0000000000505	640.0000000000266	1	1	0	1	1	1	0	1	0	0
15418.279767999997	0.4787232279777527	0.6038177013397217	1200.0000000000505	640.0000000000266	1	1	0	1	1	1	0	1	0	0
15455.499115000002	0.4779303967952728	0.6015529632568359	1200.0000000000505	640.0000000000266	1	1	0	1	1	1	0	1	0	0
15493.999145999998	0.4779303967952728	0.6015529632568359	1200.0000000000505	640.0000000000266	1	1	0	1	1	1	0	1	0	0
15527.897529999998	0.48012155294418335	0.6036572456359863	1200.0000000000505	640.0000000000266	1	1	0	1	1	1	0	1	0	0
15563.932235999997	0.48012155294418335	0.6036572456359863	1200.0000000000505	640.0000000000266	1	1	0	1	1	1	0	1	0	0
15599.414626000002	0.4781343340873718	0.6035563945770264	1200.0000000000505	640.0000000000266	1	1	0	1	1	1	0	1	0	0
15634.871313	0.4781343340873718	0.6035563945770264	1200.0000000000505	640.0000000000266	1	1	0	1	1	1	0	1	0	0
15672.663455999998	0.47503000497817993	0.6037546396255493	1200.0000000000505	640.0000000000266	1	1	0	1	1	1	0	1	0	0
15709.856142	0.47503000497817993	0.6037546396255493	1200.0000000000505	640.0000000000266	1	1	0	1	1	1	0	1	0	0
15747.289579	0.4760788083076477	0.6058638095855713	1200.0000000000505	640.0000000000266	1	1	0	1	1	1	0	1	0	0
15780.870910000001	0.4760788083076477	0.6058638095855713	1200.0000000000505	640.0000000000266	1	1	0	1	1	1	0	1	0	0
15816.332248000002	0.4760788083076477	0.6058638095855713	1200.0000000000505	640.0000000000266	1	1	0	1	1	1	0	1	0	0
15853.339398	0.47533971071243286	0.6019694805145264	1200.0000000000505	640.0000000000266	1	1	0	1	1	1	0	1	0	0
15886.655739999998	0.47533971071243286	0.6019694805145264	1200.0000000000505	640.0000000000266	1	1	0	1	1	1	0	1	0	0
15921.984567999996	0.47533971071243286	0.6019694805145264	1200.0000000000505	640.0000000000266	1	1	0	1	1	1	0	1	0	0
15960.325284999995	0.47523221373558044	0.6006996631622314	1200.0000000000505	640.0000000000266	1	1	0	1	1	1	0	1	0	0
15997.315799	0.47523221373558044	0.6006996631622314	1200.0000000000505	640.0000000000266	1	1	0	1	1	1	0	1	0	0
16031.954907999996	0.4751892685890198	0.6002254486083984	1200.0000000000505	640.0000000000266	1	1	0	1	1	1	0	1	0	0
16065.910954999996	0.4751892685890198	0.6002254486083984	1200.0000000000505	640.0000000000266	1	1	0	1	1	1	0	1	0	0
16102.522388000001	0.4751892685890198	0.6002254486083984	1200.0000000000505	640.0000000000266	1	1	0	1	1	1	0	1	0	0
16138.014651000001	0.4761902689933777	0.6017245054244995	1200.0000000000505	640.0000000000266	1	1	0	1	1	1	0	1	0	0
16174.463432	0.4761902689933777	0.6017245054244995	1200.0000000000505	640.0000000000266	1	1	0	1	1	1	0	1	0	0
16211.516658999997	0.4777669310569763	0.5992997884750366	1200.0000000000505	640.0000000000266	1	1	0	1	1	1	0	1	0	0
16245.336678999996	0.4777669310569763	0.5992997884750366	1200.0000000000505	640.0000000000266	1	1	0	1	1	1	0	1	0	0
16283.392315000001	0.4777669310569763	0.5992997884750366	1200.0000000000505	640.0000000000266	1	1	0	1	1	1	0	1	0	0
16318.990288999998	0.4747946858406067	0.6002880334854126	1200.0000000000505	640.0000000000266	1	1	0	1	1	1	0	1	0	0
16352.602843999997	0.4747946858406067	0.6002880334854126	1200.0000000000505	640.0000000000266	1	1	0	1	1	1	0	1	0	0
16385.931098999998	0.4747946858406067	0.6002880334854126	1200.0000000000505	640.0000000000266	1	1	0	1	1	1	0	1	0	0
16421.323214	0.4747946858406067	0.6002880334854126	1200.0000000000505	640.0000000000266	1	1	0	1	1	1	0	1	0	0
16455.416579	0.4746055006980896	0.599494457244873	1200.0000000000505	640.0000000000266	1	1	0	1	1	1	0	1	0	0
16492.120851999996	0.4746055006980896	0.599494457244873	1200.0000000000505	640.0000000000266	1	1	0	1	1	1	0	1	0	0
16528.311677	0.47604504227638245	0.5996584892272949	1200.0000000000505	640.0000000000266	1	1	0	1	1	1	0	1	0	0
16563.465372000002	0.47604504227638245	0.5996584892272949	1200.0000000000505	640.0000000000266	1	1	0	1	1	1	0	1	0	0
16601.008607	0.47708630561828613	0.6025012731552124	1200.0000000000505	640.0000000000266	1	1	0	1	1	1	0	1	0	0
16635.699618999995	0.47708630561828613	0.6025012731552124	1200.0000000000505	640.0000000000266	1	1	0	1	1	1	0	1	0	0
16668.740370999996	0.47708630561828613	0.6025012731552124	1200.0000000000505	640.0000000000266	1	1	0	1	1	1	0	1	0	0
16701.807231999996	0.4779236912727356	0.6032009124755859	1200.0000000000505	640.0000000000266	1	1	0	1	1	1	0	1	0	0
16739.845530000002	0.4779236912727356	0.6032009124755859	1200.0000000000505	640.0000000000266	1	1	0	1	1	1	0	1	0	0
16777.82695	0.4779236912727356	0.6032009124755859	1200.0000000000505	640.0000000000266	1	1	0	1	1	1	0	1	0	0
16813.070804	0.478281170129776	0.6039987802505493	1200.0000000000505	640.0000000000266	1	1	0	1	1	1	0	1	0	0
16852.201879999997	0.478281170129776	0.6039987802505493	1200.0000000000505	640.0000000000266	1	1	0	1	1	1	0	1	0	0
16891.467156999995	0.478281170129776	0.6039987802505493	1200.0000000000505	640.0000000000266	1	1	0	1	1	1	0	1	0	0
16925.824896000002	0.478281170129776	0.6039987802505493	1200.0000000000505	640.0000000000266	1	1	0	1	1	1	0	1	0	0
16961.062527	0.478281170129776	0.6039987802505493	1200.0000000000505	640.0000000000266	1	1	0	1	1	1	0	1	0	0
16999.130308999996	0.478281170129776	0.6039987802505493	1200.0000000000505	640.0000000000266	1	1	0	1	1	1	0	1	0	0
17035.263199999998	0.4785158634185791	0.6032108068466187	1200.0000000000505	640.0000000000266	1	1	0	1	1	1	0	1	0	0
17069.256799	0.4785158634185791	0.6032108068466187	1200.0000000000505	640.0000000000266	1	1	0	1	1	1	0	1	0	0
17102.359030999996	0.4785158634185791	0.6032108068466187	1200.0000000000505	640.0000000000266	1	1	0	1	1	1	0	1	0	0
17135.895291999997	0.4785158634185791	0.6032108068466187	1200.0000000000505	640.0000000000266	1	1	0	1	1	1	0	1	0	0
17172.731187	0.47977128624916077	0.6037790775299072	1200.0000000000505	640.0000000000266	1	1	0	1	1	1	0	1	0	0
17209.797286999998	0.47977128624916077	0.6037790775299072	1200.0000000000505	640.0000000000266	1	1	0	1	1	1	0	1	0	0
17247.528299	0.47977128624916077	0.6037790775299072	1200.0000000000505	640.0000000000266	1	1	0	1	1	1	0	1	0	0
17281.92552	0.47977128624916077	0.6037790775299072	1200.0000000000505	640.0000000000266	1	1	0	1	1	1	0	1	0	0
17319.623922999996	0.4746411442756653	0.5873957872390747	1200.0000000000505	640.0000000000266	1	1	0	1	1	1	0	1	0	0
17358.730202000002	0.4746411442756653	0.5873957872390747	1200.0000000000505	640.0000000000266	1	1	0	1	1	1	0	1	0	0
17394.274645	0.4746411442756653	0.5873957872390747	1200.0000000000505	640.0000000000266	1	1	0	1	1	1	0	1	0	0
17429.021210999996	0.4746411442756653	0.5873957872390747	1200.0000000000505	640.0000000000266	1	1	0	1	1	1	0	1	0	0
17462.323871999997	0.4746411442756653	0.5873957872390747	1200.0000000000505	640.0000000000266	1	1	0	1	1	1	0	1	0	0
17498.575758999996	0.4753478169441223	0.5832641124725342	1200.0000000000505	640.0000000000266	1	1	0	1	1	1	0	1	0	0
17536.174826	0.4753478169441223	0.5832641124725342	1200.0000000000505	640.0000000000266	1	1	0	1	1	1	0	1	0	0
17569.228367	0.4753478169441223	0.5832641124725342	1200.0000000000505	640.0000000000266	1	1	0	1	1	1	0	1	0	0
17602.459892999996	0.4682857096195221	0.5867877006530762	1200.0000000000505	640.0000000000266	1	1	0	1	1	1	0	1	0	0
17635.771383999996	0.4682857096195221	0.5867877006530762	1200.0000000000505	640.0000000000266	1	1	0	1	1	1	0	1	0	0
17676.732290999997	0.4682857096195221	0.5867877006530762	1200.0000000000505	640.0000000000266	1	1	0	1	1	1	0	1	0	0
17712.718628	0.46732956171035767	0.5791183710098267	1200.0000000000505	640.0000000000266	1	1	0	1	1	1	0	1	0	0
17747.34582	0.46732956171035767	0.5791183710098267	1200.0000000000505	640.0000000000266	1	1	0	1	1	1	0	1	0	0
17786.134358	0.46732956171035767	0.5791183710098267	1200.0000000000505	640.0000000000266	1	1	0	1	1	1	0	1	0	0
17822.800117000003	0.46812787652015686	0.5708445310592651	1200.0000000000505	640.0000000000266	1	1	0	1	1	1	0	1	0	0
17859.794351	0.46812787652015686	0.5708445310592651	1200.0000000000505	640.0000000000266	1	1	0	1	1	1	0	1	0	0
17897.568167	0.46812787652015686	0.5708445310592651	1200.0000000000505	640.0000000000266	1	1	0	1	1	1	0	1	0	0
17938.192246999995	0.46812787652015686	0.5708445310592651	1200.0000000000505	640.0000000000266	1	1	0	1	1	1	0	1	0	0
17974.698252	0.4654417634010315	0.5788767337799072	1200.0000000000505	640.0000000000266	1	1	0	1	1	1	0	1	0	0
18009.922602999995	0.4654417634010315	0.5788767337799072	1200.0000000000505	640.0000000000266	1	1	0	1	1	1	0	1	0	0
18045.030067999996	0.4654417634010315	0.5788767337799072	1200.0000000000505	640.0000000000266	1	1	0	1	1	1	0	1	0	0
18078.065714	0.4660424590110779	0.5761268138885498	1200.0000000000505	640.0000000000266	1	1	0	1	1	1	0	1	0	0
18112.026385	0.4660424590110779	0.5761268138885498	1200.0000000000505	640.0000000000266	1	1	0	1	1	1	0	1	0	0
18144.949608	0.4660424590110779	0.5761268138885498	1200.0000000000505	640.0000000000266	1	1	0	1	1	1	0	1	0	0
18181.313281	0.4660424590110779	0.5761268138885498	1200.0000000000505	640.0000000000266	1	1	0	1	1	1	0	1	0	0
18218.586193	0.4666946530342102	0.5729209184646606	1200.0000000000505	640.0000000000266	1	1	0	1	1	1	0	1	0	0
18253.422038	0.4666946530342102	0.5729209184646606	1200.0000000000505	640.0000000000266	1	1	0	1	1	1	0	1	0	0
18290.933954999997	0.4666946530342102	0.5729209184646606	1200.0000000000505	640.0000000000266	1	1	0	1	1	1	0	1	0	0
18328.091418	0.4666946530342102	0.5729209184646606	1200.0000000000505	640.0000000000266	1	1	0	1	1	1	0	1	0	0
18361.423738	0.4623909890651703	0.5741559267044067	1200.0000000000505	640.0000000000266	1	1	0	1	1	1	0	1	0	0
18398.361804999997	0.4623909890651703	0.5741559267044067	1200.0000000000505	640.0000000000266	1	1	0	1	1	1	0	1	0	0
18434.212413999998	0.4623909890651703	0.5741559267044067	1200.0000000000505	640.0000000000266	1	1	0	1	1	1	0	1	0	0
18469.044418	0.4623909890651703	0.5741559267044067	1200.0000000000505	640.0000000000266	1	1	0	1	1	1	0	1	0	0
18664.046457	0.4675254225730896	0.5756626129150391	1200.0000000000505	640.0000000000266	1	1	0	1	1	1	0	1	0	0
