0.000000000000000000e+00 0.000000000000000000e+00
5.061296224594116211e-01 5.161962509155273438e-01
5.061296224594116211e-01 5.161962509155273438e-01
5.061296224594116211e-01 5.161962509155273438e-01
5.061296224594116211e-01 5.161962509155273438e-01
5.061296224594116211e-01 5.161962509155273438e-01
5.061296224594116211e-01 5.161962509155273438e-01
5.061296224594116211e-01 5.161962509155273438e-01
5.064105987548828125e-01 5.129848718643188477e-01
5.064105987548828125e-01 5.129848718643188477e-01
5.064105987548828125e-01 5.129848718643188477e-01
5.064105987548828125e-01 5.129848718643188477e-01
5.064105987548828125e-01 5.129848718643188477e-01
5.064105987548828125e-01 5.129848718643188477e-01
5.057026743888854980e-01 5.105067491531372070e-01
5.057026743888854980e-01 5.105067491531372070e-01
5.057026743888854980e-01 5.105067491531372070e-01
5.057026743888854980e-01 5.105067491531372070e-01
5.070254206657409668e-01 5.076825618743896484e-01
5.070254206657409668e-01 5.076825618743896484e-01
5.070254206657409668e-01 5.076825618743896484e-01
5.087305307388305664e-01 5.037184953689575195e-01
5.087305307388305664e-01 5.037184953689575195e-01
5.087305307388305664e-01 5.037184953689575195e-01
5.087305307388305664e-01 5.037184953689575195e-01
5.087305307388305664e-01 5.037184953689575195e-01
4.997425079345703125e-01 5.091693401336669922e-01
4.997425079345703125e-01 5.091693401336669922e-01
4.997425079345703125e-01 5.091693401336669922e-01
5.057491064071655273e-01 5.078109502792358398e-01
5.057491064071655273e-01 5.078109502792358398e-01
5.057491064071655273e-01 5.078109502792358398e-01
5.057491064071655273e-01 5.078109502792358398e-01
5.057491064071655273e-01 5.078109502792358398e-01
5.057491064071655273e-01 5.078109502792358398e-01
5.062944293022155762e-01 5.060324668884277344e-01
5.062944293022155762e-01 5.060324668884277344e-01
5.062944293022155762e-01 5.060324668884277344e-01
5.062944293022155762e-01 5.060324668884277344e-01
5.062944293022155762e-01 5.060324668884277344e-01
5.062944293022155762e-01 5.060324668884277344e-01
5.062944293022155762e-01 5.060324668884277344e-01
5.062944293022155762e-01 5.060324668884277344e-01
5.062944293022155762e-01 5.060324668884277344e-01
5.089426040649414062e-01 5.072929859161376953e-01
5.089426040649414062e-01 5.072929859161376953e-01
5.089426040649414062e-01 5.072929859161376953e-01
5.089426040649414062e-01 5.072929859161376953e-01
5.089426040649414062e-01 5.072929859161376953e-01
5.089426040649414062e-01 5.072929859161376953e-01
5.089426040649414062e-01 5.072929859161376953e-01
5.089426040649414062e-01 5.072929859161376953e-01
5.089426040649414062e-01 5.072929859161376953e-01
5.080269575119018555e-01 5.027302503585815430e-01
5.080269575119018555e-01 5.027302503585815430e-01
5.080269575119018555e-01 5.027302503585815430e-01
5.095647573471069336e-01 5.125693082809448242e-01
5.095647573471069336e-01 5.125693082809448242e-01
5.095647573471069336e-01 5.125693082809448242e-01
5.095647573471069336e-01 5.125693082809448242e-01
5.095647573471069336e-01 5.125693082809448242e-01
5.124079585075378418e-01 5.063683986663818359e-01
5.124079585075378418e-01 5.063683986663818359e-01
5.124079585075378418e-01 5.063683986663818359e-01
5.124079585075378418e-01 5.063683986663818359e-01
5.089111328125000000e-01 5.113890171051025391e-01
5.089111328125000000e-01 5.113890171051025391e-01
5.089111328125000000e-01 5.113890171051025391e-01
5.089111328125000000e-01 5.113890171051025391e-01
5.089111328125000000e-01 5.113890171051025391e-01
5.089111328125000000e-01 5.113890171051025391e-01
5.089111328125000000e-01 5.113890171051025391e-01
5.129078030586242676e-01 5.121573209762573242e-01
5.129078030586242676e-01 5.121573209762573242e-01
5.129078030586242676e-01 5.121573209762573242e-01
5.129078030586242676e-01 5.121573209762573242e-01
5.129078030586242676e-01 5.121573209762573242e-01
5.129078030586242676e-01 5.121573209762573242e-01
5.098581910133361816e-01 5.043808221817016602e-01
5.098581910133361816e-01 5.043808221817016602e-01
5.098581910133361816e-01 5.043808221817016602e-01
5.098581910133361816e-01 5.043808221817016602e-01
5.077553987503051758e-01 5.065311193466186523e-01
5.077553987503051758e-01 5.065311193466186523e-01
5.077553987503051758e-01 5.065311193466186523e-01
5.077553987503051758e-01 5.065311193466186523e-01
5.077553987503051758e-01 5.065311193466186523e-01
5.077553987503051758e-01 5.065311193466186523e-01
5.077553987503051758e-01 5.065311193466186523e-01
5.077553987503051758e-01 5.065311193466186523e-01
5.102664828300476074e-01 5.078891515731811523e-01
5.102664828300476074e-01 5.078891515731811523e-01
5.102664828300476074e-01 5.078891515731811523e-01
5.102664828300476074e-01 5.078891515731811523e-01
5.102664828300476074e-01 5.078891515731811523e-01
5.102664828300476074e-01 5.078891515731811523e-01
5.088494420051574707e-01 5.179097652435302734e-01
5.088494420051574707e-01 5.179097652435302734e-01
5.088494420051574707e-01 5.179097652435302734e-01
5.064234733581542969e-01 5.158601999282836914e-01
5.064234733581542969e-01 5.158601999282836914e-01
5.064234733581542969e-01 5.158601999282836914e-01
5.064234733581542969e-01 5.158601999282836914e-01
5.064234733581542969e-01 5.158601999282836914e-01
5.081492662429809570e-01 5.146442651748657227e-01
5.081492662429809570e-01 5.146442651748657227e-01
5.081492662429809570e-01 5.146442651748657227e-01
5.097202658653259277e-01 5.088088512420654297e-01
5.097202658653259277e-01 5.088088512420654297e-01
5.097202658653259277e-01 5.088088512420654297e-01
5.097202658653259277e-01 5.088088512420654297e-01
5.097202658653259277e-01 5.088088512420654297e-01
5.084694623947143555e-01 5.119987726211547852e-01
5.084694623947143555e-01 5.119987726211547852e-01
5.084694623947143555e-01 5.119987726211547852e-01
5.106948614120483398e-01 5.117484331130981445e-01
5.106948614120483398e-01 5.117484331130981445e-01
5.106948614120483398e-01 5.117484331130981445e-01
5.106948614120483398e-01 5.117484331130981445e-01
5.046239495277404785e-01 5.056767463684082031e-01
5.046239495277404785e-01 5.056767463684082031e-01
5.046239495277404785e-01 5.056767463684082031e-01
5.046239495277404785e-01 5.056767463684082031e-01
5.071530342102050781e-01 5.036321878433227539e-01
5.071530342102050781e-01 5.036321878433227539e-01
5.071530342102050781e-01 5.036321878433227539e-01
5.069330930709838867e-01 5.035055875778198242e-01
4.891061782836914062e-01 4.853529930114746094e-01
4.891061782836914062e-01 4.853529930114746094e-01
4.891061782836914062e-01 4.853529930114746094e-01
4.891061782836914062e-01 4.853529930114746094e-01
4.882296621799468994e-01 4.837690591812133789e-01
4.882296621799468994e-01 4.837690591812133789e-01
4.882296621799468994e-01 4.837690591812133789e-01
4.882296621799468994e-01 4.837690591812133789e-01
4.882296621799468994e-01 4.837690591812133789e-01
4.882296621799468994e-01 4.837690591812133789e-01
4.882296621799468994e-01 4.837690591812133789e-01
4.882296621799468994e-01 4.837690591812133789e-01
4.882296621799468994e-01 4.837690591812133789e-01
4.882296621799468994e-01 4.837690591812133789e-01
4.882296621799468994e-01 4.837690591812133789e-01
4.886708259582519531e-01 4.872442483901977539e-01
4.886708259582519531e-01 4.872442483901977539e-01
4.886708259582519531e-01 4.872442483901977539e-01
4.886708259582519531e-01 4.872442483901977539e-01
4.886708259582519531e-01 4.872442483901977539e-01
4.886708259582519531e-01 4.872442483901977539e-01
4.886708259582519531e-01 4.872442483901977539e-01
4.886708259582519531e-01 4.872442483901977539e-01
4.886708259582519531e-01 4.872442483901977539e-01
4.909373223781585693e-01 4.889283180236816406e-01
4.909373223781585693e-01 4.889283180236816406e-01
4.909373223781585693e-01 4.889283180236816406e-01
4.909373223781585693e-01 4.889283180236816406e-01
4.909373223781585693e-01 4.889283180236816406e-01
4.909373223781585693e-01 4.889283180236816406e-01
4.909373223781585693e-01 4.889283180236816406e-01
4.909373223781585693e-01 4.889283180236816406e-01
4.909373223781585693e-01 4.889283180236816406e-01
4.903682768344879150e-01 4.886596202850341797e-01
4.903682768344879150e-01 4.886596202850341797e-01
4.903682768344879150e-01 4.886596202850341797e-01
4.903682768344879150e-01 4.886596202850341797e-01
4.903682768344879150e-01 4.886596202850341797e-01
4.903682768344879150e-01 4.886596202850341797e-01
4.892657697200775146e-01 4.859381914138793945e-01
4.892657697200775146e-01 4.859381914138793945e-01
4.892657697200775146e-01 4.859381914138793945e-01
4.892657697200775146e-01 4.859381914138793945e-01
4.892657697200775146e-01 4.859381914138793945e-01
4.892657697200775146e-01 4.859381914138793945e-01
4.892657697200775146e-01 4.859381914138793945e-01
4.892657697200775146e-01 4.859381914138793945e-01
4.904993176460266113e-01 4.816271066665649414e-01
4.904993176460266113e-01 4.816271066665649414e-01
4.904993176460266113e-01 4.816271066665649414e-01
4.904993176460266113e-01 4.816271066665649414e-01
4.874033033847808838e-01 4.911775290966033936e-01
4.874033033847808838e-01 4.911775290966033936e-01
4.874033033847808838e-01 4.911775290966033936e-01
4.874033033847808838e-01 4.911775290966033936e-01
4.874033033847808838e-01 4.911775290966033936e-01
4.874033033847808838e-01 4.911775290966033936e-01
4.874033033847808838e-01 4.911775290966033936e-01
4.892190992832183838e-01 4.911991655826568604e-01
4.892190992832183838e-01 4.911991655826568604e-01
4.892190992832183838e-01 4.911991655826568604e-01
4.932996630668640137e-01 4.841986000537872314e-01
4.932996630668640137e-01 4.841986000537872314e-01
4.932996630668640137e-01 4.841986000537872314e-01
4.982508122920989990e-01 4.816361665725708008e-01
4.982508122920989990e-01 4.816361665725708008e-01
4.982508122920989990e-01 4.816361665725708008e-01
4.982508122920989990e-01 4.816361665725708008e-01
4.982508122920989990e-01 4.816361665725708008e-01
4.982508122920989990e-01 4.816361665725708008e-01
4.982508122920989990e-01 4.816361665725708008e-01
4.993056356906890869e-01 4.861212074756622314e-01
4.993056356906890869e-01 4.861212074756622314e-01
4.993056356906890869e-01 4.861212074756622314e-01
4.993056356906890869e-01 4.861212074756622314e-01
4.993056356906890869e-01 4.861212074756622314e-01
4.993056356906890869e-01 4.861212074756622314e-01
4.993056356906890869e-01 4.861212074756622314e-01
4.967986047267913818e-01 4.810578525066375732e-01
4.967986047267913818e-01 4.810578525066375732e-01
4.967986047267913818e-01 4.810578525066375732e-01
4.967986047267913818e-01 4.810578525066375732e-01
4.896909594535827637e-01 4.825005531311035156e-01
4.896909594535827637e-01 4.825005531311035156e-01
4.896909594535827637e-01 4.825005531311035156e-01
4.934305250644683838e-01 4.766633212566375732e-01
4.934305250644683838e-01 4.766633212566375732e-01
4.934305250644683838e-01 4.766633212566375732e-01
4.934305250644683838e-01 4.766633212566375732e-01
4.954511523246765137e-01 4.803330600261688232e-01
4.954511523246765137e-01 4.803330600261688232e-01
4.954511523246765137e-01 4.803330600261688232e-01
4.954511523246765137e-01 4.803330600261688232e-01
4.954511523246765137e-01 4.803330600261688232e-01
4.986111521720886230e-01 4.812877178192138672e-01
4.986111521720886230e-01 4.812877178192138672e-01
4.986111521720886230e-01 4.812877178192138672e-01
4.977360665798187256e-01 4.805158376693725586e-01
4.977360665798187256e-01 4.805158376693725586e-01
4.977360665798187256e-01 4.805158376693725586e-01
4.977360665798187256e-01 4.805158376693725586e-01
4.991719722747802734e-01 4.846117794513702393e-01
4.991719722747802734e-01 4.846117794513702393e-01
4.991719722747802734e-01 4.846117794513702393e-01
4.991719722747802734e-01 4.846117794513702393e-01
4.991719722747802734e-01 4.846117794513702393e-01
4.991719722747802734e-01 4.846117794513702393e-01
4.991719722747802734e-01 4.846117794513702393e-01
4.991719722747802734e-01 4.846117794513702393e-01
4.991719722747802734e-01 4.846117794513702393e-01
4.991719722747802734e-01 4.846117794513702393e-01
4.991719722747802734e-01 4.846117794513702393e-01
4.976170957088470459e-01 4.778759479522705078e-01
4.976170957088470459e-01 4.778759479522705078e-01
4.976170957088470459e-01 4.778759479522705078e-01
4.976170957088470459e-01 4.778759479522705078e-01
4.976170957088470459e-01 4.778759479522705078e-01
4.976170957088470459e-01 4.778759479522705078e-01
4.976170957088470459e-01 4.778759479522705078e-01
4.946807026863098145e-01 4.783430397510528564e-01
4.946807026863098145e-01 4.783430397510528564e-01
4.946807026863098145e-01 4.783430397510528564e-01
4.946807026863098145e-01 4.783430397510528564e-01
4.946807026863098145e-01 4.783430397510528564e-01
4.946807026863098145e-01 4.783430397510528564e-01
4.896114468574523926e-01 4.857308566570281982e-01
4.896114468574523926e-01 4.857308566570281982e-01
4.896114468574523926e-01 4.857308566570281982e-01
4.896114468574523926e-01 4.857308566570281982e-01
4.896114468574523926e-01 4.857308566570281982e-01
4.898671507835388184e-01 4.895261526107788086e-01
4.898671507835388184e-01 4.895261526107788086e-01
4.898671507835388184e-01 4.895261526107788086e-01
4.898671507835388184e-01 4.895261526107788086e-01
4.898671507835388184e-01 4.895261526107788086e-01
4.898671507835388184e-01 4.895261526107788086e-01
4.898671507835388184e-01 4.895261526107788086e-01
4.920015931129455566e-01 4.777871370315551758e-01
4.920015931129455566e-01 4.777871370315551758e-01
4.920015931129455566e-01 4.777871370315551758e-01
4.920015931129455566e-01 4.777871370315551758e-01
4.920015931129455566e-01 4.777871370315551758e-01
4.920015931129455566e-01 4.777871370315551758e-01
4.875267148017883301e-01 4.797728955745697021e-01
4.875267148017883301e-01 4.797728955745697021e-01
4.875267148017883301e-01 4.797728955745697021e-01
4.875267148017883301e-01 4.797728955745697021e-01
4.875267148017883301e-01 4.797728955745697021e-01
4.875267148017883301e-01 4.797728955745697021e-01
4.875267148017883301e-01 4.797728955745697021e-01
4.875267148017883301e-01 4.797728955745697021e-01
4.900712370872497559e-01 4.848207235336303711e-01
4.900712370872497559e-01 4.848207235336303711e-01
4.900712370872497559e-01 4.848207235336303711e-01
4.900712370872497559e-01 4.848207235336303711e-01
4.900712370872497559e-01 4.848207235336303711e-01
4.900712370872497559e-01 4.848207235336303711e-01
4.900712370872497559e-01 4.848207235336303711e-01
4.900712370872497559e-01 4.848207235336303711e-01
4.900712370872497559e-01 4.848207235336303711e-01
4.895092844963073730e-01 4.876160621643066406e-01
4.895092844963073730e-01 4.876160621643066406e-01
4.895092844963073730e-01 4.876160621643066406e-01
4.895092844963073730e-01 4.876160621643066406e-01
4.895092844963073730e-01 4.876160621643066406e-01
4.884535670280456543e-01 4.872083961963653564e-01
4.884535670280456543e-01 4.872083961963653564e-01
4.884535670280456543e-01 4.872083961963653564e-01
4.901550710201263428e-01 4.802862405776977539e-01
4.901550710201263428e-01 4.802862405776977539e-01
4.901550710201263428e-01 4.802862405776977539e-01
4.901550710201263428e-01 4.802862405776977539e-01
4.940653443336486816e-01 4.820120632648468018e-01
4.940653443336486816e-01 4.820120632648468018e-01
4.940653443336486816e-01 4.820120632648468018e-01
4.940653443336486816e-01 4.820120632648468018e-01
4.908624291419982910e-01 4.860113859176635742e-01
4.908624291419982910e-01 4.860113859176635742e-01
4.908624291419982910e-01 4.860113859176635742e-01
4.908624291419982910e-01 4.860113859176635742e-01
4.908624291419982910e-01 4.860113859176635742e-01
4.908624291419982910e-01 4.860113859176635742e-01
4.908624291419982910e-01 4.860113859176635742e-01
4.908624291419982910e-01 4.860113859176635742e-01
4.908624291419982910e-01 4.860113859176635742e-01
4.908624291419982910e-01 4.860113859176635742e-01
4.908624291419982910e-01 4.860113859176635742e-01
4.874897599220275879e-01 4.831038713455200195e-01
4.874897599220275879e-01 4.831038713455200195e-01
4.874897599220275879e-01 4.831038713455200195e-01
4.844856858253479004e-01 4.835684597492218018e-01
4.844856858253479004e-01 4.835684597492218018e-01
4.844856858253479004e-01 4.835684597492218018e-01
4.853130280971527100e-01 4.802440106868743896e-01
4.853130280971527100e-01 4.802440106868743896e-01
4.853130280971527100e-01 4.802440106868743896e-01
4.880411028861999512e-01 4.845494031906127930e-01
4.880411028861999512e-01 4.845494031906127930e-01
4.880411028861999512e-01 4.845494031906127930e-01
4.880411028861999512e-01 4.845494031906127930e-01
4.880411028861999512e-01 4.845494031906127930e-01
4.876774847507476807e-01 4.831844866275787354e-01
4.876774847507476807e-01 4.831844866275787354e-01
4.876774847507476807e-01 4.831844866275787354e-01
4.876774847507476807e-01 4.831844866275787354e-01
4.876774847507476807e-01 4.831844866275787354e-01
4.876774847507476807e-01 4.831844866275787354e-01
4.909583628177642822e-01 4.915946424007415771e-01
4.909583628177642822e-01 4.915946424007415771e-01
4.909583628177642822e-01 4.915946424007415771e-01
4.909583628177642822e-01 4.915946424007415771e-01
4.909583628177642822e-01 4.915946424007415771e-01
4.909583628177642822e-01 4.915946424007415771e-01
4.885641038417816162e-01 4.863746166229248047e-01
4.885641038417816162e-01 4.863746166229248047e-01
4.885641038417816162e-01 4.863746166229248047e-01
4.885641038417816162e-01 4.863746166229248047e-01
4.885641038417816162e-01 4.863746166229248047e-01
4.885641038417816162e-01 4.863746166229248047e-01
4.885641038417816162e-01 4.863746166229248047e-01
4.885641038417816162e-01 4.863746166229248047e-01
4.885641038417816162e-01 4.863746166229248047e-01
4.848950803279876709e-01 4.894331693649291992e-01
4.848950803279876709e-01 4.894331693649291992e-01
4.848950803279876709e-01 4.894331693649291992e-01
4.848950803279876709e-01 4.894331693649291992e-01
4.848950803279876709e-01 4.894331693649291992e-01
4.848950803279876709e-01 4.894331693649291992e-01
4.881706237792968750e-01 4.822556078433990479e-01
4.881706237792968750e-01 4.822556078433990479e-01
4.881706237792968750e-01 4.822556078433990479e-01
4.881706237792968750e-01 4.822556078433990479e-01
